00000
00000
00100
00000
00000
; 0

00000
00000
01100
00000
00000
; 1

00000
01100
00100
00000
00000
; 2

00000
00000
01110
00000
00000
; 3

00000
01100
01100
00000
00000
; 4

00000
00100
01110
00000
00000
; 5

00000
00000
11110
00000
00000
; 6

00000
00010
01110
00000
00000
; 7

00000
00110
01100
00000
00000
; 8

00000
01000
01111
00000
00000
; 9

00000
00100
00100
01110
00000
; 10

00000
01000
01000
01110
00000
; 11

00000
00111
01100
00000
00000
; 12

00000
00010
01110
01000
00000
; 13

00100
00100
00100
00100
00100
; 14

00000
01000
01100
01100
00000
; 15

00000
00110
01100
01000
00000
; 16

00000
01100
01000
01100
00000
; 17

00000
00110
01100
00100
00000
; 18

00000
00100
01110
00100
00000
; 19

00000
00100
01111
00000
00000
; 20
